                              1 A         2 A         3 A         4 A         5 A  
 Wavenumbers [cm-1]          658.85      660.58      845.41      852.86      957.69
 Intensities [km/mol]         38.57        0.00        0.00      108.11       19.85
 Intensities [relative]       35.67        0.00        0.00      100.00       18.36
           GX1             -0.00000     0.00000     0.00000     0.00000     0.14004
           GY1              0.14474     0.00000    -0.00000     0.05884    -0.00000
           GZ1              0.00000    -0.00000     0.00000     0.00000     0.09084
           GX2             -0.00000     0.00000    -0.00000    -0.00000    -0.08364
           GY2             -0.11620    -0.08896     0.08859    -0.07181    -0.00000
           GZ2              0.00000    -0.00000     0.00000    -0.00000     0.07224
           GX3              0.00000     0.00000    -0.00000    -0.00000    -0.06679
           GY3              0.05402     0.14499     0.04316    -0.03931     0.00000
           GZ3             -0.00000     0.00000    -0.00000     0.00000    -0.02111
           GX4              0.00000    -0.00000    -0.00000     0.00000    -0.04680
           GY4              0.05403    -0.14499    -0.04316    -0.03931    -0.00000
           GZ4             -0.00000     0.00000    -0.00000    -0.00000    -0.05237
           GX5             -0.00000    -0.00000     0.00000    -0.00000     0.03188
           GY5             -0.11620     0.08896    -0.08859    -0.07181     0.00000
           GZ5              0.00000     0.00000    -0.00000    -0.00000    -0.10598
           GX6              0.00000     0.00000    -0.00000    -0.00000    -0.16714
           GY6             -0.36355     0.25135     0.50120     0.32513    -0.00000
           GZ6              0.00000     0.00000    -0.00000    -0.00000    -0.12927
           GX7             -0.00000    -0.00000     0.00000     0.00000    -0.03109
           GY7             -0.04422    -0.29674     0.35936     0.53198    -0.00000
           GZ7             -0.00000    -0.00000     0.00000    -0.00000     0.15772
           GX8              0.00000     0.00000     0.00000    -0.00000     0.13172
           GY8             -0.04423     0.29674    -0.35937     0.53198    -0.00000
           GZ8             -0.00000    -0.00000    -0.00000     0.00000    -0.09231
           GX9             -0.00000    -0.00000    -0.00000    -0.00000    -0.18607
           GY9             -0.36353    -0.25138    -0.50120     0.32513     0.00000
           GZ9             -0.00000    -0.00000     0.00000    -0.00000    -0.10039

                              6 A         7 A         8 A         9 A        10 A  
 Wavenumbers [cm-1]          963.17      984.70      997.68     1082.94     1154.06
 Intensities [km/mol]          1.23        0.79        0.00       34.25       47.62
 Intensities [relative]        1.14        0.73        0.00       31.68       44.05
           GX1             -0.02869    -0.00000    -0.00000    -0.04679    -0.07829
           GY1             -0.00000     0.00372     0.00000     0.00000     0.00000
           GZ1              0.04451    -0.00000    -0.00000    -0.03043    -0.04943
           GX2             -0.09912     0.00000     0.00000     0.00000    -0.04133
           GY2             -0.00000    -0.07992    -0.06085    -0.00000     0.00000
           GZ2              0.01513    -0.00000     0.00000     0.03183     0.13615
           GX3             -0.04351     0.00000     0.00000     0.04640    -0.04031
           GY3              0.00000     0.06781     0.09411    -0.00000    -0.00000
           GZ3             -0.15528     0.00000    -0.00000    -0.09690     0.06980
           GX4              0.15946    -0.00000     0.00000    -0.06963     0.04782
           GY4              0.00000     0.06781    -0.09411     0.00000     0.00000
           GZ4             -0.02358     0.00000     0.00000     0.08181    -0.06468
           GX5              0.02658     0.00000     0.00000     0.02905     0.10843
           GY5             -0.00000    -0.07992     0.06085    -0.00000    -0.00000
           GZ5              0.09647    -0.00000     0.00000    -0.01285    -0.09568
           GX6             -0.08643     0.00000     0.00000     0.16449     0.29700
           GY6              0.00000     0.48076    -0.32175     0.00000     0.00000
           GZ6              0.08889    -0.00000     0.00000     0.00116    -0.08799
           GX7              0.16768    -0.00000     0.00000    -0.03834     0.05623
           GY7             -0.00000    -0.36593     0.49282    -0.00000    -0.00000
           GZ7              0.03156    -0.00000     0.00000     0.54130    -0.06305
           GX8             -0.09683     0.00000     0.00000     0.47926    -0.04590
           GY8             -0.00000    -0.36593    -0.49282     0.00000     0.00000
           GZ8             -0.14049     0.00000    -0.00000    -0.25545     0.08043
           GX9             -0.04642     0.00000     0.00000     0.06785     0.04630
           GY9              0.00000     0.48076     0.32175    -0.00000    -0.00000
           GZ9              0.11491     0.00000     0.00000     0.14973     0.31187

                             11 A        12 A        13 A        14 A        15 A  
 Wavenumbers [cm-1]         1156.99     1260.70     1308.56     1408.40     1540.75
 Intensities [km/mol]          0.10        0.69       24.98        0.02        2.99
 Intensities [relative]        0.09        0.63       23.10        0.02        2.77
           GX1             -0.04792     0.05928    -0.08571    -0.01093    -0.02476
           GY1              0.00000    -0.00000    -0.00000    -0.00000    -0.00000
           GZ1              0.07604     0.03855     0.13195     0.01683    -0.01610
           GX2              0.07628     0.03603    -0.01563     0.02588    -0.04605
           GY2             -0.00000     0.00000     0.00000     0.00000     0.00000
           GZ2             -0.07140     0.00520    -0.11058     0.06255     0.07233
           GX3             -0.02623    -0.03866     0.00298     0.05447     0.11992
           GY3              0.00000    -0.00000    -0.00000    -0.00000     0.00000
           GZ3             -0.00929    -0.10687     0.01290    -0.03200    -0.07837
           GX4              0.01779    -0.11340    -0.01288     0.00698    -0.02277
           GY4              0.00000     0.00000    -0.00000     0.00000    -0.00000
           GZ4              0.02192     0.00818     0.00257    -0.06276     0.14146
           GX5              0.03145     0.01957     0.10733    -0.06759     0.04732
           GY5             -0.00000     0.00000     0.00000    -0.00000     0.00000
           GZ5             -0.09633     0.03085    -0.03075     0.00183    -0.07150
           GX6             -0.26606     0.42719     0.30323     0.50349    -0.22481
           GY6             -0.00000     0.00000     0.00000     0.00000    -0.00000
           GZ6             -0.12957     0.07709    -0.00883     0.05682    -0.11160
           GX7              0.05632    -0.15080    -0.02988     0.04079    -0.06211
           GY7             -0.00000    -0.00000     0.00000    -0.00000    -0.00000
           GZ7              0.45615    -0.27522    -0.23605     0.36389    -0.30023
           GX8             -0.43836    -0.31200     0.22814    -0.34917    -0.29947
           GY8              0.00000     0.00000    -0.00000    -0.00000    -0.00000
           GZ8              0.13190    -0.02597    -0.06876     0.11077     0.06540
           GX9              0.22571     0.24408    -0.11567    -0.25670    -0.19336
           GY9             -0.00000    -0.00000     0.00000     0.00000     0.00000
           GZ9              0.18275     0.35862    -0.28110    -0.43666    -0.15982

                             16 A        17 A        18 A        19 A        20 A  
 Wavenumbers [cm-1]         1669.42     1751.30     3407.27     3419.90     3450.34
 Intensities [km/mol]         33.75        1.98        5.38        3.90        9.02
 Intensities [relative]       31.22        1.83        4.98        3.60        8.34
           GX1             -0.04099     0.00310     0.00071     0.00049    -0.00016
           GY1              0.00000     0.00000     0.00000     0.00000    -0.00000
           GZ1             -0.02661    -0.00478    -0.00109     0.00031     0.00026
           GX2              0.12658    -0.11266     0.01243    -0.01609     0.05417
           GY2             -0.00000    -0.00000    -0.00000     0.00000    -0.00000
           GZ2              0.07819    -0.05002    -0.00844     0.01230    -0.02490
           GX3             -0.08220     0.13748     0.02132    -0.01778    -0.01226
           GY3              0.00000     0.00000     0.00000    -0.00000     0.00000
           GZ3             -0.03895     0.03397     0.05304    -0.05393    -0.01695
           GX4             -0.06903    -0.08697    -0.05683    -0.05683     0.01994
           GY4             -0.00000    -0.00000     0.00000     0.00000    -0.00000
           GZ4             -0.05922    -0.11173     0.00208     0.00571     0.00429
           GX5              0.12296     0.09153     0.00262     0.00471     0.00065
           GY5              0.00000     0.00000    -0.00000     0.00000     0.00000
           GZ5              0.08380     0.08253    -0.01466    -0.01973    -0.05852
           GX6             -0.32221    -0.15041    -0.02120    -0.02672    -0.05722
           GY6             -0.00000    -0.00000     0.00000    -0.00000     0.00000
           GZ6              0.06012     0.08884     0.19400     0.24895     0.63447
           GX7             -0.08557    -0.08673     0.64169     0.62399    -0.18735
           GY7              0.00000    -0.00000    -0.00000     0.00000    -0.00000
           GZ7             -0.00236     0.19445    -0.04833    -0.05374     0.01013
           GX8             -0.03692    -0.14230    -0.21806     0.20358     0.06873
           GY8             -0.00000     0.00000    -0.00000    -0.00000    -0.00000
           GZ8             -0.07722     0.15835    -0.60898     0.58837     0.18013
           GX9             -0.07611    -0.02001    -0.16993     0.21614    -0.56629
           GY9              0.00000    -0.00000    -0.00000    -0.00000     0.00000
           GZ9             -0.31865     0.17348     0.09909    -0.12547     0.31604

                             21 A  
 Wavenumbers [cm-1]         3456.80
 Intensities [km/mol]          0.00
 Intensities [relative]        0.00
           GX1             -0.00042
           GY1             -0.00000
           GZ1             -0.00027
           GX2             -0.05229
           GY2              0.00000
           GZ2              0.02668
           GX3              0.01103
           GY3             -0.00000
           GZ3              0.02297
           GX4              0.02583
           GY4              0.00000
           GZ4              0.00081
           GX5              0.00311
           GY5             -0.00000
           GZ5             -0.05974
           GX6             -0.05633
           GY6              0.00000
           GZ6              0.62546
           GX7             -0.24510
           GY7              0.00000
           GZ7              0.01727
           GX8             -0.08276
           GY8             -0.00000
           GZ8             -0.22775
           GX9              0.53779
           GY9              0.00000
           GZ9             -0.30005


 Normal Modes of low/zero frequencies

                                  1           2           3           4           5
 Wavenumbers [cm-1]            0.00        0.00        0.00        0.00        0.00
 Intensities [km/mol]          0.00        0.00        0.00        0.00        0.00
 Intensities [relative]        0.00        0.00        0.00        0.00        0.00
           GX1              0.00000    -0.00000    -0.00000     0.13479     0.00000
           GY1              0.07535    -0.01582     0.02874    -0.00000     0.17669
           GZ1              0.12022     0.05693     0.02651    -0.03976    -0.05150
           GX2              0.08736    -0.06243     0.00269     0.07775    -0.04419
           GY2              0.08001     0.00249    -0.07984    -0.00000     0.10679
           GZ2              0.11499     0.06066     0.02635    -0.03635    -0.04886
           GX3              0.11355    -0.08114     0.00350     0.06065    -0.05744
           GY3              0.02058    -0.00242    -0.00784    -0.00000    -0.02867
           GZ3              0.03170     0.12019     0.02378     0.01804    -0.00673
           GX4              0.03465    -0.02476     0.00107     0.11217    -0.01753
           GY4             -0.02527    -0.02609     0.16181     0.00000    -0.04392
           GZ4             -0.01953     0.15679     0.02220     0.05149     0.01919
           GX5             -0.03078     0.02199    -0.00095     0.15489     0.01557
           GY5              0.01136    -0.03294     0.17416    -0.00000     0.08396
           GZ5              0.03829     0.11547     0.02398     0.01373    -0.01006
           GX6             -0.10014     0.07156    -0.00309     0.20018     0.05065
           GY6             -0.00041    -0.04886     0.27426    -0.00000     0.12426
           GZ6              0.03159     0.12026     0.02378     0.01811    -0.00667
           GX7              0.02889    -0.02064     0.00089     0.11593    -0.01461
           GY7             -0.07761    -0.03619     0.25841     0.00000    -0.13726
           GZ7             -0.08910     0.20650     0.02005     0.09692     0.05437
           GX8              0.17944    -0.12823     0.00553     0.01762    -0.09076
           GY8              0.00988     0.00896    -0.06529    -0.00000    -0.10817
           GZ8              0.00865     0.13666     0.02307     0.03309     0.00493
           GX9              0.12171    -0.08697     0.00375     0.05532    -0.06156
           GY9              0.12851     0.01767    -0.20273    -0.00000     0.16713
           GZ9              0.17562     0.01734     0.02822    -0.07594    -0.07953

                                  6
 Wavenumbers [cm-1]            0.00
 Intensities [km/mol]          0.00
 Intensities [relative]        0.00
           GX1              0.00000
           GY1             -0.01013
           GZ1             -0.01777
           GX2             -0.01575
           GY2              0.12065
           GZ2             -0.01683
           GX3             -0.02048
           GY3              0.20283
           GZ3             -0.00181
           GX4             -0.00625
           GY4              0.11412
           GZ4              0.00743
           GX5              0.00555
           GY5             -0.01217
           GZ5             -0.00300
           GX6              0.01806
           GY6             -0.11031
           GZ6             -0.00179
           GX7             -0.00521
           GY7              0.14224
           GZ7              0.01997
           GX8             -0.03236
           GY8              0.31152
           GZ8              0.00234
           GX9             -0.02195
           GY9              0.13912
           GZ9             -0.02777
