0	0.851465
1	0.862903
2	1.366845
3	1.005798
4	1.205233
5	1.067043
6	1.170030
7	1.121889
8	0.998722
9	0.925776
10	0.821147
11	0.592147
12	0.885179
13	0.913550
14	0.927880
15	0.683771
16	0.990731
17	1.245242
18	0.957619
19	0.914571
20	1.309819
21	1.290858
22	1.445748
23	1.308559
24	0.801638
25	1.091632
26	1.025884
27	1.334370
28	1.080210
29	0.942712
30	1.061125
31	0.829539
32	1.000758
33	0.988266
34	1.081072
35	0.836072
36	1.167479
37	1.206598
38	1.045182
39	1.058329
40	0.752127
41	0.979603
42	0.778445
43	1.040004
44	0.972884
45	1.093058
46	1.251081
47	1.056950
48	0.496905
49	1.168808
50	1.393980
51	1.262961
52	1.464171
53	1.101268
54	1.358272
55	0.981073
56	1.132383
57	0.756592
58	0.753079
59	0.917745
60	0.881590
61	0.960095
62	0.896515
63	1.311116
64	1.142988
65	0.832668
66	0.991224
67	1.195964
68	0.989135
69	1.046370
70	1.012760
71	1.065270
72	1.176241
73	1.120708
74	1.305279
75	1.167369
76	1.068332
77	1.020537
78	1.296360
79	1.270448
80	1.088311
81	1.062301
82	0.685709
83	1.019561
84	1.006784
85	0.982522
86	0.925078
87	0.687229
88	0.981723
89	0.759340
90	1.175718
91	0.674423
92	0.888815
93	1.422321
94	1.147890
95	0.788837
96	0.432949
97	0.961016
98	0.966265
99	0.443051
100	0.964524
101	0.827320
102	0.862159
103	0.843113
104	1.224275
105	1.007918
106	0.708668
107	1.072324
108	1.173935
109	0.621660
110	0.665074
111	1.027358
112	1.138017
113	0.921866
114	1.398741
115	1.287537
116	1.035366
117	1.358456
118	0.718671
119	0.872960
120	1.111792
121	0.767426
122	0.972939
123	1.080256
124	1.090342
125	1.508858
126	1.084014
127	0.845641
128	1.275551
129	1.020863
130	0.969149
131	0.649520
132	1.046360
133	0.848409
134	0.702820
135	1.077392
136	0.633987
137	0.849076
138	1.119318
139	1.273214
140	0.856528
141	1.032236
142	1.131102
143	1.049700
144	1.319931
145	1.347439
146	1.154730
147	1.075989
148	0.838684
149	1.073082
150	1.075231
151	0.767994
152	0.931440
153	0.859343
154	1.179196
155	0.997995
156	0.917017
157	0.822700
158	0.758015
159	0.452128
160	0.890105
161	0.936014
162	1.278230
163	0.442908
164	0.730418
165	0.806297
166	1.146137
167	0.647772
168	0.863268
169	0.899728
170	1.385513
171	0.910154
172	0.806817
173	1.436462
174	1.090126
175	0.820461
176	1.244134
177	1.436246
178	1.240688
179	0.793537
180	0.880803
181	1.302276
182	1.012797
183	1.119092
184	0.962914
185	0.828212
186	1.042353
187	1.000176
188	1.225441
189	0.763998
190	1.033621
191	1.371304
192	1.221327
193	1.206433
194	1.257797
195	0.777383
196	1.041596
197	0.888688
198	0.973879
199	0.893768
200	1.080088
201	0.993132
202	1.149332
203	0.799942
204	1.053030
205	0.931260
206	1.163359
207	0.717488
208	1.318405
209	1.166743
210	1.042899
211	0.854278
212	1.119441
213	1.389090
214	1.169747
215	0.323038
216	0.945778
217	0.838064
218	0.983918
219	1.053298
220	1.336758
221	1.302728
222	0.315793
223	0.714215
224	0.849899
225	0.574433
226	0.526230
227	0.746519
228	0.822581
229	1.359502
230	1.053951
231	0.717066
232	0.877036
233	1.016935
234	1.127688
235	1.475682
236	0.926214
237	0.751747
238	1.009563
239	1.002603
240	1.055952
241	0.721272
242	1.218649
243	0.821736
244	0.697908
245	1.155153
246	1.141906
247	0.716559
248	1.053479
249	0.758444
250	1.089490
251	0.921323
252	1.169772
253	0.751576
254	0.599059
255	1.033748
256	1.568679
257	0.822336
258	0.852558
259	0.908355
260	0.958305
261	1.077950
262	1.018381
263	0.705836
264	0.816431
265	1.002940
266	0.994641
267	0.988112
268	1.044024
269	0.829714
270	1.162333
271	0.906562
272	0.728028
273	0.990429
274	0.940009
275	0.940659
276	0.941017
277	0.610700
278	0.966744
279	1.063621
280	0.956263
281	1.275284
282	0.608665
283	1.012479
284	0.619041
285	1.126751
286	1.287014
287	0.835595
288	0.820040
289	0.841578
290	0.981521
291	1.342888
292	0.834577
293	0.824397
294	0.762260
295	0.776055
296	1.036273
297	0.782141
298	1.061202
299	0.819288
300	1.317693
301	1.308548
302	0.880265
303	0.839168
304	0.753264
305	1.074036
306	0.841823
307	1.277604
308	0.914630
309	0.800478
310	1.101840
311	0.720913
312	1.179242
313	1.146506
314	0.976785
315	0.938594
316	0.795345
317	0.638918
318	0.777755
319	1.195672
320	1.101727
321	0.945570
322	1.320578
323	0.801528
324	0.751075
325	1.389995
326	1.262207
327	0.842600
328	0.778404
329	0.716914
330	0.899214
331	1.338022
332	1.010902
333	0.486704
334	0.531316
335	0.552914
336	0.864180
337	0.835349
338	1.132074
339	1.039848
340	0.860051
341	0.908414
342	1.212920
343	0.825287
344	0.820011
345	0.986161
346	1.049512
347	1.094303
348	1.003370
349	0.969813
350	1.029073
351	0.990947
352	1.223290
353	1.038405
354	1.109854
355	0.804234
356	1.253961
357	0.687264
358	0.822848
359	0.989554
360	1.010763
361	1.228386
362	0.963266
363	0.906465
364	0.835764
365	0.818376
366	0.664350
367	1.013116
368	0.902420
369	1.144238
370	1.037179
371	1.117254
372	0.886839
373	0.980320
374	0.768200
375	1.105976
376	0.843382
377	0.970240
378	1.044845
379	1.064235
380	0.893916
381	1.150405
382	0.544992
383	0.716942
384	0.917002
385	1.285334
386	1.106922
387	1.107695
388	0.962588
389	1.151748
390	0.635024
391	0.606237
392	1.273291
393	1.052107
394	1.281090
395	1.343523
396	1.185668
397	1.031125
398	1.081067
399	1.106078
400	1.022635
401	0.792497
402	1.123232
403	0.975039
404	0.970558
405	0.769820
406	1.094911
407	1.091168
408	0.741827
409	1.034764
410	0.733054
411	0.876261
412	0.940245
413	1.213945
414	1.106313
415	1.051530
416	0.760326
417	0.974557
418	1.167245
419	0.809153
420	0.961718
421	0.971897
422	1.310713
423	0.824145
424	1.011245
425	0.951749
426	0.796637
427	0.991713
428	0.942350
429	1.180431
430	0.867640
431	0.808599
432	1.259998
433	1.255080
434	1.234926
435	1.117148
436	1.085236
437	0.597914
438	1.230484
439	0.664166
440	0.635157
441	0.774105
442	1.014120
443	1.200426
444	1.443312
445	0.759396
446	1.002936
447	1.478234
448	1.126770
449	0.931664
450	0.989381
451	1.203127
452	0.955081
453	1.159359
454	0.869558
455	0.769396
456	1.395920
457	1.337725
458	0.944532
459	1.084379
460	0.766400
461	1.164750
462	1.119346
463	0.997372
464	1.173704
465	1.072513
466	1.050694
467	0.969147
468	0.777857
469	1.257479
470	1.156291
471	0.635883
472	1.111096
473	0.865460
474	1.126323
475	1.119630
476	1.040398
477	1.416484
478	1.219657
479	0.934190
480	0.821180
481	1.158542
482	1.106989
483	1.105578
484	0.795532
485	0.953609
486	0.898407
487	0.769190
488	0.819024
489	0.968635
490	0.537957
491	0.902543
492	0.623055
493	0.875322
494	0.872508
495	1.154421
496	1.213261
497	1.267626
498	0.853808
499	1.362083
500	0.699963
501	1.169856
502	1.288364
503	0.748059
504	0.579669
505	1.040134
506	1.147220
507	1.010170
508	1.385581
509	1.053272
510	0.962033
511	0.927879
512	1.132558
513	0.924286
514	0.734093
515	0.776822
516	1.036490
517	0.977125
518	1.289165
519	1.043326
520	0.797915
521	1.336671
522	1.171119
523	1.175602
524	1.129077
525	0.908731
526	1.065814
527	0.844903
528	1.241326
529	0.996446
530	1.196166
531	1.169489
532	1.462688
533	0.938695
534	0.997128
535	1.005941
536	1.103785
537	0.786400
538	1.107893
539	1.181384
540	0.957131
541	0.976848
542	1.031894
543	1.237432
544	1.148505
545	0.758483
546	1.050805
547	1.058159
548	1.143277
549	1.041298
550	1.107087
551	0.957008
552	1.277834
553	0.950271
554	0.902259
555	0.732847
556	0.998047
557	0.933980
558	1.004709
559	0.961040
560	1.205566
561	0.852493
562	0.921894
563	1.266549
564	0.814555
565	0.736015
566	0.801181
567	0.411415
568	1.206682
569	0.838873
570	1.062163
571	0.651588
572	0.845901
573	1.231244
574	1.194053
575	0.662122
576	1.006863
577	0.891210
578	1.083716
579	0.926183
580	1.058895
581	1.052072
582	1.123279
583	0.538067
584	1.384283
585	0.709118
586	1.417499
587	1.002440
588	0.878730
589	1.078638
590	0.838210
591	0.932757
592	0.720831
593	0.613308
594	1.346449
595	0.988422
596	0.904957
597	0.866133
598	0.925617
599	0.984093
600	1.194605
601	1.159882
602	1.345153
603	0.933599
604	0.794984
605	0.950786
606	0.931549
607	1.398109
608	1.241565
609	1.175022
610	1.397606
611	1.077536
612	1.055356
613	0.966482
614	0.888425
615	1.174906
616	1.036418
617	1.206728
618	0.800144
619	1.171769
620	0.744081
621	1.005248
622	0.811780
623	0.873038
624	1.264301
625	1.161105
626	0.983463
627	0.877350
628	0.821893
629	0.980282
630	1.004848
631	1.015294
632	1.141602
633	1.283860
634	1.079405
635	0.707352
636	1.071814
637	0.837862
638	0.941139
639	0.963881
640	0.995330
641	1.076852
642	0.950940
643	1.055544
644	1.199881
645	1.170875
646	1.152747
647	0.898790
648	0.841529
649	0.657511
650	0.872238
651	0.910601
652	1.158651
653	1.187323
654	1.021094
655	0.781366
656	0.908177
657	0.975901
658	0.950563
659	1.153617
660	0.600611
661	0.608055
662	0.911043
663	1.129623
664	1.154108
665	1.620528
666	0.890529
667	0.745404
668	1.057415
669	0.671582
670	1.073191
671	0.966188
672	0.815303
673	0.886343
674	0.915509
675	0.631579
676	0.998467
677	1.287626
678	0.989804
679	0.975685
680	1.042500
681	0.913340
682	0.982235
683	1.153339
684	0.978600
685	0.964902
686	1.132150
687	1.091891
688	0.880716
689	0.915439
690	1.095879
691	0.937704
692	0.771943
693	1.086558
694	0.675648
695	0.804593
696	0.809737
697	0.689903
698	1.043510
699	1.323264
700	1.262355
701	0.967796
702	0.731328
703	0.693253
704	0.868991
705	1.013246
706	1.246229
707	1.266733
708	0.655603
709	0.868758
710	1.506042
711	1.004003
712	0.815434
713	1.103781
714	0.639550
715	0.801523
716	0.932374
717	1.070510
718	1.334288
719	0.832161
720	1.268304
721	0.918607
722	0.999372
723	0.853962
724	0.773199
725	0.898050
726	1.009718
727	0.698965
728	1.407591
729	0.761809
730	0.813853
731	0.581008
732	1.131651
733	1.117349
734	0.770276
735	1.317375
736	1.328098
737	0.707913
738	0.919037
739	0.605486
740	1.019046
741	0.958054
742	0.661442
743	1.224261
744	1.064964
745	1.370382
746	0.662845
747	0.766381
748	0.956522
749	1.261618
750	1.144735
751	1.140689
752	1.138698
753	0.906735
754	0.704699
755	0.821021
756	1.167694
757	0.950052
758	0.857526
759	1.007131
760	0.766178
761	0.998785
762	0.842765
763	0.840174
764	1.063716
765	0.961827
766	1.002800
767	0.904302
768	0.780047
769	1.150439
770	0.683058
771	0.402865
772	0.718961
773	1.292886
774	0.703698
775	0.700684
776	0.996396
777	1.082933
778	0.885066
779	0.406393
780	1.090664
781	0.990464
782	0.845363
783	0.909038
784	1.262417
785	1.059771
786	0.754005
787	0.912948
788	0.801025
789	0.944026
790	0.900644
791	1.009602
792	1.321950
793	0.644840
794	0.894830
795	1.212921
796	1.051644
797	0.906439
798	0.734000
799	1.267849
800	0.927127
801	0.824065
802	1.217313
803	1.216389
804	0.875187
805	0.763341
806	1.047356
807	1.077539
808	1.160177
809	1.144905
810	1.400631
811	1.129068
812	0.850760
813	0.699617
814	1.301566
815	1.223190
816	1.201858
817	1.042740
818	0.981148
819	1.033191
820	1.333309
821	0.994081
822	1.459758
823	0.692206
824	1.167081
825	1.020197
826	1.093646
827	0.682316
828	0.801861
829	0.631969
830	1.156106
831	0.785780
832	0.719857
833	1.089135
834	1.211002
835	1.004719
836	1.222470
837	0.532299
838	1.175487
839	1.088432
840	0.722244
841	1.000264
842	1.031507
843	0.765183
844	1.193436
845	1.044084
846	1.127982
847	0.758448
848	1.132214
849	0.828666
850	1.066251
851	1.032068
852	1.074782
853	0.674806
854	0.792947
855	1.269124
856	0.726754
857	0.959958
858	0.928672
859	0.916188
860	0.983979
861	0.904425
862	0.860635
863	1.019790
864	0.932637
865	0.924662
866	1.178068
867	0.520588
868	0.987568
869	0.959625
870	1.038047
871	1.222705
872	1.159800
873	1.058947
874	0.906970
875	1.178447
876	1.238140
877	1.205011
878	0.795649
879	1.175325
880	1.229520
881	0.769003
882	0.837820
883	0.965742
884	0.737041
885	0.950404
886	1.101132
887	1.095652
888	1.022436
889	1.075245
890	0.769300
891	1.037866
892	1.173400
893	1.327530
894	0.929141
895	1.176318
896	0.933827
897	0.889488
898	1.047180
899	1.163104
900	0.691865
901	0.741146
902	1.221775
903	0.823846
904	1.023102
905	1.241756
906	0.802797
907	0.721869
908	0.988556
909	0.650269
910	0.847750
911	0.537208
912	0.631194
913	1.040431
914	0.929863
915	0.757856
916	0.852150
917	0.799250
918	1.113950
919	0.854062
920	0.737234
921	1.243620
922	1.126341
923	1.008491
924	1.112472
925	0.768724
926	0.939121
927	0.786828
928	0.513407
929	0.874234
930	0.884652
931	1.284367
932	1.255460
933	1.082419
934	0.872656
935	1.106464
936	0.631316
937	1.519588
938	1.087067
939	1.001884
940	0.843384
941	1.043478
942	0.681907
943	1.166272
944	1.235482
945	1.246831
946	0.712658
947	0.665766
948	1.013635
949	0.813652
950	1.052756
951	0.568732
952	1.064546
953	0.834095
954	1.061390
955	1.174102
956	0.849728
957	0.723761
958	0.877782
959	1.098029
960	0.847950
961	0.826963
962	1.078218
963	1.029089
964	0.961994
965	0.988166
966	1.132417
967	0.751759
968	0.643171
969	1.107524
970	0.702764
971	1.193834
972	0.994252
973	1.018556
974	0.902355
975	0.670159
976	0.838899
977	1.341192
978	1.454824
979	1.015215
980	1.069414
981	0.677662
982	0.952491
983	1.437473
984	0.935290
985	0.777091
986	1.092890
987	0.936917
988	0.460025
989	0.985082
990	0.876749
991	1.118936
992	0.779847
993	0.919896
994	0.984557
995	1.097795
996	0.842315
997	1.008779
998	1.003681
